452.63492343 354.50090503 
 19.71388990 254.71276404 
457.75389918  59.17314596 
448.57607888 322.97241263 
 69.39671773  26.01895361 
270.48688558 296.76178869 
211.37849467 374.33368301 
205.21294726 300.67033090 
372.64490802 434.88157409 
436.23159313 132.41537437 
185.94661353 486.62329808 
346.76284465 282.74736959 
138.48737052 199.92687215 
233.55897148 228.83203920 
  3.32752330 303.56799151 
 66.69713536  12.96927070 
420.19716990 221.32816798 
423.02831120 474.00941867 
495.30305254 360.91521120 
233.25340765 367.81877681 
474.92251572  20.81289271 
 15.67498518 179.18893245 
156.37193861  61.34285268 
405.03211199  43.01693853 
268.86883353  28.95557614 
 88.78146943 309.21847559 
460.91140965 168.43284511 
214.57682647 143.71396471 
147.18450404 286.13198543 
369.07068682  95.93311768 
 63.79336923 341.32011707 
369.60243055 263.55482995 
 35.86285224  79.21724157 
425.93427051 334.20648966 
180.99992139 155.16333163 
453.95620520  69.10811142 
347.69700344 471.06783274 
168.25883459 405.57726133 
121.78611326  90.77563534 
496.19299715 496.58831609 
357.84547509 408.92143094 
166.58938348  66.17500063 
192.38763894 377.87504187 
371.23053647 127.47114003 
366.91941246   1.23268299 
397.96172744 339.04578561 
 74.48474920 217.15225120 
104.59313520  93.80979337 
480.64640377 392.91638295 
150.51964881 251.29353714 
